[LEFT_CAM_2K]
fx=1066.51
fy=1066.89
cx=1133.51
cy=659.779
k1=-0.0503868
k2=0.0244035
p1=0.000289708
p2=0.000220218
k3=-0.0100693

[RIGHT_CAM_2K]
fx=1067.84
fy=1068.01
cx=1112.11
cy=657.35
k1=-0.0583242
k2=0.0373043
p1=0.000225329
p2=-9.03293e-05
k3=-0.0160433

[LEFT_CAM_FHD]
fx=1066.51
fy=1066.89
cx=989.51
cy=578.779
k1=-0.0503868
k2=0.0244035
p1=0.000289708
p2=0.000220218
k3=-0.0100693

[RIGHT_CAM_FHD]
fx=1067.84
fy=1068.01
cx=968.11
cy=576.35
k1=-0.0583242
k2=0.0373043
p1=0.000225329
p2=-9.03293e-05
k3=-0.0160433

[LEFT_CAM_HD]
fx=533.255
fy=533.445
cx=653.255
cy=377.8895
k1=-0.0503868
k2=0.0244035
p1=0.000289708
p2=0.000220218
k3=-0.0100693

[RIGHT_CAM_HD]
fx=533.92
fy=534.005
cx=642.555
cy=376.675
k1=-0.0583242
k2=0.0373043
p1=0.000225329
p2=-9.03293e-05
k3=-0.0160433

[LEFT_CAM_VGA]
fx=266.6275
fy=266.7225
cx=342.1275
cy=196.44475
k1=-0.0503868
k2=0.0244035
p1=0.000289708
p2=0.000220218
k3=-0.0100693

[RIGHT_CAM_VGA]
fx=266.96
fy=267.0025
cx=336.7775
cy=195.8375
k1=-0.0583242
k2=0.0373043
p1=0.000225329
p2=-9.03293e-05
k3=-0.0160433

[LEFT_DISTO]
k1=-1.23445
k2=2.40827
k3=0.110931
k4=-1.14622
k5=2.26412
k6=0.264149
p1=0.000608885
p2=0.000154918

[RIGHT_DISTO]
k1=-1.58319
k2=2.67256
k3=0.0897225
k4=-1.49863
k5=2.5189
k6=0.25213
p1=0.000291503
p2=2.19536e-05

[STEREO]
Baseline=119.83
TY=-0.248055
TZ=0.589766
CV_2K=0.00718082
CV_FHD=0.00718082
CV_HD=0.00718082
CV_VGA=0.00718082
RX_2K=0.000561098
RX_FHD=0.000561098
RX_HD=0.000561098
RX_VGA=0.000561098
RZ_2K=0.00183652
RZ_FHD=0.00183652
RZ_HD=0.00183652
RZ_VGA=0.00183652

[MISC]
Sensor_ID=0
