[LEFT_CAM_2K]
fx=1065.55
fy=1065.45
cx=1103.66
cy=645.213
k1=-0.0487906
k2=0.0221753
p1=0.000362231
p2=-1.45275e-06
k3=-0.0094445

[RIGHT_CAM_2K]
fx=1065.29
fy=1065.06
cx=1129.43
cy=632.131
k1=-0.0476638
k2=0.0198874
p1=0.000143269
p2=-0.00041872
k3=-0.0083477

[LEFT_CAM_FHD]
fx=1065.55
fy=1065.45
cx=959.66
cy=564.213
k1=-0.0487906
k2=0.0221753
p1=0.000362231
p2=-1.45275e-06
k3=-0.0094445

[RIGHT_CAM_FHD]
fx=1065.29
fy=1065.06
cx=985.43
cy=551.131
k1=-0.0476638
k2=0.0198874
p1=0.000143269
p2=-0.00041872
k3=-0.0083477

[LEFT_CAM_HD]
fx=532.775
fy=532.725
cx=638.33
cy=370.6065
k1=-0.0487906
k2=0.0221753
p1=0.000362231
p2=-1.45275e-06
k3=-0.0094445

[RIGHT_CAM_HD]
fx=532.645
fy=532.53
cx=651.215
cy=364.0655
k1=-0.0476638
k2=0.0198874
p1=0.000143269
p2=-0.00041872
k3=-0.0083477

[LEFT_CAM_VGA]
fx=266.3875
fy=266.3625
cx=334.665
cy=192.80325
k1=-0.0487906
k2=0.0221753
p1=0.000362231
p2=-1.45275e-06
k3=-0.0094445

[RIGHT_CAM_VGA]
fx=266.3225
fy=266.265
cx=341.1075
cy=189.53275
k1=-0.0476638
k2=0.0198874
p1=0.000143269
p2=-0.00041872
k3=-0.0083477

[LEFT_DISTO]
k1=-1.35862
k2=2.36407
k3=0.154305
k4=-1.27075
k5=2.21166
k6=0.312157
p1=0.000560086
p2=-8.71677e-05

[RIGHT_DISTO]
k1=-1.48139
k2=2.61433
k3=0.0793104
k4=-1.39742
k5=2.46877
k6=0.235816
p1=0.000204301
p2=-0.000222114

[STEREO]
Baseline=119.713
TY=-0.286823
TZ=0.597214
CV_2K=0.00627186
CV_FHD=0.00627186
CV_HD=0.00627186
CV_VGA=0.00627186
RX_2K=0.00250587
RX_FHD=0.00250587
RX_HD=0.00250587
RX_VGA=0.00250587
RZ_2K=0.00269867
RZ_FHD=0.00269867
RZ_HD=0.00269867
RZ_VGA=0.00269867

[MISC]
Sensor_ID=0
