[LEFT_CAM_2K]
fx=1069.75
fy=1069.04
cx=1080.6
cy=595.572
k1=-0.0468917
k2=0.0188904
p1=0.000694248
p2=-0.000208274
k3=-0.00795555

[RIGHT_CAM_2K]
fx=1067.33
fy=1067.05
cx=1087.83
cy=599.497
k1=-0.0570851
k2=0.0341003
p1=0.000530119
p2=0.000506061
k3=-0.0144218

[LEFT_CAM_FHD]
fx=1069.75
fy=1069.04
cx=936.6
cy=514.572
k1=-0.0468917
k2=0.0188904
p1=0.000694248
p2=-0.000208274
k3=-0.00795555

[RIGHT_CAM_FHD]
fx=1067.33
fy=1067.05
cx=943.83
cy=518.497
k1=-0.0570851
k2=0.0341003
p1=0.000530119
p2=0.000506061
k3=-0.0144218

[LEFT_CAM_HD]
fx=534.875
fy=534.52
cx=626.8
cy=345.786
k1=-0.0468917
k2=0.0188904
p1=0.000694248
p2=-0.000208274
k3=-0.00795555

[RIGHT_CAM_HD]
fx=533.665
fy=533.525
cx=630.415
cy=347.7485
k1=-0.0570851
k2=0.0341003
p1=0.000530119
p2=0.000506061
k3=-0.0144218

[LEFT_CAM_VGA]
fx=267.4375
fy=267.26
cx=328.9
cy=180.393
k1=-0.0468917
k2=0.0188904
p1=0.000694248
p2=-0.000208274
k3=-0.00795555

[RIGHT_CAM_VGA]
fx=266.8325
fy=266.7625
cx=330.7075
cy=181.37425
k1=-0.0570851
k2=0.0341003
p1=0.000530119
p2=0.000506061
k3=-0.0144218

[LEFT_DISTO]
k1=-1.40608
k2=2.79898
k3=0.0433287
k4=-1.31807
k5=2.65089
k6=0.208923
p1=0.000466536
p2=-0.000218729

[RIGHT_DISTO]
k1=-1.61839
k2=3.12449
k3=-0.0502464
k4=-1.5327
k5=2.97615
k6=0.119782
p1=0.000331769
p2=5.43475e-05

[STEREO]
Baseline=119.875
TY=-0.219547
TZ=0.50877
CV_2K=0.00336419
CV_FHD=0.00336419
CV_HD=0.00336419
CV_VGA=0.00336419
RX_2K=0.00456698
RX_FHD=0.00456698
RX_HD=0.00456698
RX_VGA=0.00456698
RZ_2K=0.00161003
RZ_FHD=0.00161003
RZ_HD=0.00161003
RZ_VGA=0.00161003

[MISC]
Sensor_ID=0
